25 12 3 2016-03-01
27 0 3 2016-03-02
31 14 3 2016-03-03
37 12 3 2016-03-04
38 31 3 2016-03-05
49 31 3 2016-03-06
63 43 3 2016-03-07
68 53 3 2016-03-08
61 41 3 2016-03-09
53 33 3 2016-03-10
59 26 3 2016-03-11
60 35 3 2016-03-12
51 44 3 2016-03-13
57 41 3 2016-03-14
52 39 3 2016-03-15
53 42 3 2016-03-16
53 35 3 2016-03-17
40 35 3 2016-03-18
43 31 3 2016-03-19
45 28 3 2016-03-20
48 24 3 2016-03-21
56 37 3 2016-03-22
37 32 3 2016-03-23
32 21 3 2016-03-24
47 18 3 2016-03-25
53 29 3 2016-03-26
45 37 3 2016-03-27
56 34 3 2016-03-28
61 30 3 2016-03-29
51 44 3 2016-03-30
49 39 3 2016-03-31
50 32 4 2016-04-01
36 24 4 2016-04-02
73 30 4 2016-04-03
37 27 4 2016-04-04
42 22 4 2016-04-05
48 35 4 2016-04-06
37 33 4 2016-04-07
